x1 <- c(1,2,3)
x2 <- c(10,11,12)
sum <- x1+x2
sum